days	GPP	GPP_sd	NEE	NEE_sd	Reco	Rec_sd	Foliage	Foliage_sd	FoliageNPP	FNPP_sd	Wood	Wood_sd	WoodNPP	WNPP_sd	Root	Root_sd	RootNPP	RNPP_sd	SoilC	SoilC_sd	Phenology	Pheno_sd
225	-9999	-9999	-9999	-9999	-9999	-9999	-9999	-9999	-9999	-9999	-9999	-9999	-9999	-9999	-9999	-9999	-9999	-9999	61726	17468.28	-9999	-9999
242	8.9770668	2.50454959	-3.7619628	1.46789318	5.215104	0.36656416	-9999	-9999	-9999	-9999	-9999	-9999	-9999	-9999	-9999	-9999	-9999	-9999	-9999	-9999	-9999	-9999
243	10.8262444	1.67166132	-6.8345644	1.9357718	3.99168	0.380117043	-9999	-9999	-9999	-9999	-9999	-9999	-9999	-9999	-9999	-9999	-9999	-9999	-9999	-9999	-9999	-9999
244	7.5218293	2.75377444	-3.0584053	1.18076739	4.463424	1.57522247	-9999	-9999	-9999	-9999	-9999	-9999	-9999	-9999	-9999	-9999	-9999	-9999	-9999	-9999	-9999	-9999
271	6.7546483	1.70226963	-3.7257112	1.89874005	3.028937	0.493847768	-9999	-9999	-9999	-9999	-9999	-9999	-9999	-9999	-9999	-9999	-9999	-9999	-9999	-9999	-9999	-9999
272	9.8141029	1.21293784	-8.1697381	1.29339848	1.644365	0.238764333	-9999	-9999	-9999	-9999	-9999	-9999	-9999	-9999	-9999	-9999	-9999	-9999	-9999	-9999	-9999	-9999
299	6.7010763	0.88229589	-5.8586763	0.95922679	0.8424	0.240241721	-9999	-9999	-9999	-9999	-9999	-9999	-9999	-9999	-9999	-9999	-9999	-9999	-9999	-9999	-9999	-9999
365	-9999	-9999	-9999	-9999	-9999	-9999	-9999	-9999	-9999	-9999	-9999	-9999	-9999	-9999	-9999	-9999	-9999	-9999	-9999	-9999	149	15.09
502	9.8563689	1.21021976	-8.8009065	1.31754788	1.055462	0.114008721	-9999	-9999	-9999	-9999	-9999	-9999	-9999	-9999	-9999	-9999	-9999	-9999	-9999	-9999	-9999	-9999
530	8.7717836	1.37745881	-4.7464076	1.29245621	4.025376	0.424318132	-9999	-9999	-9999	-9999	-9999	-9999	-9999	-9999	-9999	-9999	-9999	-9999	-9999	-9999	-9999	-9999
565	13.1514401	3.0947354	-8.5394081	3.02635509	4.612032	0.627702273	-9999	-9999	-9999	-9999	-9999	-9999	-9999	-9999	-9999	-9999	-9999	-9999	-9999	-9999	-9999	-9999
636	7.0086776	2.48723153	-4.0878639	2.50256199	2.920814	1.435693044	562.896672	140.9250122	350.31	51.36080682	736.410528	334.6419577	54.46	44.40359275	-9999	-9999	-9999	-9999	-9999	-9999	-9999	-9999
671	3.3453888	0.55172634	-2.2360128	0.92489108	1.109376	0.411441118	-9999	-9999	-9999	-9999	-9999	-9999	-9999	-9999	-9999	-9999	-9999	-9999	-9999	-9999	-9999	-9999
730	-9999	-9999	-9999	-9999	-9999	-9999	-9999	-9999	-9999	-9999	-9999	-9999	-9999	-9999	-9999	-9999	-9999	-9999	-9999	-9999	144	9.56
852	3.4437894	1.2932513	-3.4774854	0.879754	-0.033696	0.58650265	-9999	-9999	-9999	-9999	-9999	-9999	-9999	-9999	-9999	-9999	-9999	-9999	-9999	-9999	-9999	-9999
913	11.9163882	3.20358785	-6.7185642	2.51823901	5.197824	1.704742196	-9999	-9999	-9999	-9999	-9999	-9999	-9999	-9999	-9999	-9999	-9999	-9999	-9999	-9999	-9999	-9999
934	10.6195466	1.25469528	-6.2886849	1.98373795	4.330862	0.682314036	-9999	-9999	-9999	-9999	-9999	-9999	-9999	-9999	-9999	-9999	-9999	-9999	-9999	-9999	-9999	-9999
935	12.1785711	1.35381825	-7.4663151	1.53971782	4.712256	0.903881106	-9999	-9999	-9999	-9999	-9999	-9999	-9999	-9999	-9999	-9999	-9999	-9999	-9999	-9999	-9999	-9999
936	12.012357	3.48041267	-5.539269	2.75178257	6.473088	1.143222651	-9999	-9999	-9999	-9999	-9999	-9999	-9999	-9999	-9999	-9999	-9999	-9999	-9999	-9999	-9999	-9999
940	9.7622903	3.04393956	-5.5010423	2.80363833	4.261248	0.360949379	-9999	-9999	-9999	-9999	-9999	-9999	-9999	-9999	-9999	-9999	-9999	-9999	-9999	-9999	-9999	-9999
944	-9999	-9999	-9999	-9999	-9999	-9999	-9999	-9999	-9999	-9999	-9999	-9999	-9999	-9999	377.55	28.78	106	18.08	-9999	-9999	-9999	-9999
991	6.55295	4.24360817	-2.4531466	1.58374897	4.099803	0.831702754	-9999	-9999	-9999	-9999	-9999	-9999	-9999	-9999	-9999	-9999	-9999	-9999	-9999	-9999	-9999	-9999
992	0.2090666	1.64948174	6.0713494	2.81330344	6.280416	1.669890063	-9999	-9999	-9999	-9999	-9999	-9999	-9999	-9999	-9999	-9999	-9999	-9999	-9999	-9999	-9999	-9999
1002	-9999	-9999	-9999	-9999	-9999	-9999	550.055296	158.3158825	219.94	41.16419835	776.354304	368.3975118	53.45	80.67381715	-9999	-9999	-9999	-9999	-9999	-9999	-9999	-9999
1033	2.7302578	0.23309433	-1.7683378	0.23936387	0.96192	0.241252565	-9999	-9999	-9999	-9999	-9999	-9999	-9999	-9999	-9999	-9999	-9999	-9999	-9999	-9999	-9999	-9999
1034	1.5170111	0.42479709	-0.3782591	0.6613668	1.138752	0.27150834	-9999	-9999	-9999	-9999	-9999	-9999	-9999	-9999	-9999	-9999	-9999	-9999	-9999	-9999	-9999	-9999
1095	-9999	-9999	-9999	-9999	-9999	-9999	-9999	-9999	-9999	-9999	-9999	-9999	-9999	-9999	-9999	-9999	-9999	-9999	-9999	-9999	151	11.79
1263	10.924338	3.47999895	-6.114738	2.77857564	4.8096	1.182775292	-9999	-9999	-9999	-9999	-9999	-9999	-9999	-9999	-9999	-9999	-9999	-9999	-9999	-9999	-9999	-9999
1264	7.2102492	1.19061336	0.6417828	0.17595079	7.852032	1.14662566	-9999	-9999	-9999	-9999	-9999	-9999	-9999	-9999	-9999	-9999	-9999	-9999	-9999	-9999	-9999	-9999
1286	11.4553044	2.39588929	-4.5709524	0.7331283	6.884352	0.469202119	-9999	-9999	-9999	-9999	-9999	-9999	-9999	-9999	-9999	-9999	-9999	-9999	-9999	-9999	-9999	-9999
1287	16.250222	2.05275927	-8.116526	1.03371092	8.133696	1.019048352	-9999	-9999	-9999	-9999	-9999	-9999	-9999	-9999	-9999	-9999	-9999	-9999	-9999	-9999	-9999	-9999
1320	14.3561037	1.762934344	-7.7516877	0.92489108	6.604416	0.903881106	-9999	-9999	-9999	-9999	-9999	-9999	-9999	-9999	-9999	-9999	-9999	-9999	-9999	-9999	-9999	-9999
1350	9.0190088	3.24925439	-6.4149128	3.53064908	2.604096	0.764143405	-9999	-9999	-9999	-9999	-9999	-9999	-9999	-9999	-9999	-9999	-9999	-9999	-9999	-9999	-9999	-9999
1367	-9999	-9999	-9999	-9999	-9999	-9999	622.512	169.1376302	301.35	48.23180006	860.328	389.5871014	112.3	66.66833059	-9999	-9999	-9999	-9999	-9999	-9999	-9999	-9999
1390	0.6514667	0.762934344	0.6721813	1.53971782	1.323648	0.627702273	-9999	-9999	-9999	-9999	-9999	-9999	-9999	-9999	-9999	-9999	-9999	-9999	-9999	-9999	-9999	-9999
1391	1.9486028	0.86509141	-0.1964108	0.70380318	1.752192	0.161288228	-9999	-9999	-9999	-9999	-9999	-9999	-9999	-9999	-9999	-9999	-9999	-9999	-9999	-9999	-9999	-9999
1434	1.565609	1.762934344	-1.083497	0.9357718	0.482112	0.493847768	-9999	-9999	-9999	-9999	-9999	-9999	-9999	-9999	-9999	-9999	-9999	-9999	-9999	-9999	-9999	-9999
